 84.50022 3
 84.50195 6
 84.50413 9
 84.50592 13
 84.50790 14
 84.50995 17
 85.19981 6
 85.20230 14
 85.20461 17
 85.29965 3
 85.30157 9
 85.30362 13
 86.20006 6
 86.20326 10
 86.20640 14
 86.20966 17
 86.29990 3
 86.30285 9
 86.30592 13
 87.20013 6
 87.20333 10
 87.20653 14
 87.20979 17
 87.29997 3
 87.30291 9
 87.30598 13
 88.20019 6
 88.20339 10
 88.20659 14
 88.21434 17
 88.30003 3
 88.30598 9
 88.30893 13
 89.20026 6
 89.20646 10
 89.20960 14
 89.21722 17
 89.30010 3
 89.30605 9
 89.30899 13
 90.20032 6
 90.20659 10
 90.20973 14
 90.21728 17
 90.30016 3
 90.30611 9
 90.30906 13
 91.20038 6
 91.20659 10
 91.20973 14
 91.21734 17
 91.30022 3
 91.30618 9
 91.30912 13
 92.20045 6
 92.20666 10
 92.20979 14
 92.21741 17
 92.30029 3
 92.30624 9
 92.30938 13
 93.20051 6
 93.20672 10
 93.20986 14
 93.21747 17
 93.30029 3
 93.30624 9
 93.30944 13
 94.20058 6
 94.20678 10
 94.20992 14
 94.21747 17
 94.30035 3
 94.30630 9
 94.30950 13
 95.20064 6
 95.20685 10
 95.20998 14
 95.21760 17
 95.30042 3
 95.30637 9
 95.30957 13
 96.20070 6
 96.20691 10
 96.21005 14
 96.21766 17
 96.30048 3
 96.30643 9
 96.30957 13
 97.20077 6
 97.20698 10
 97.21011 14
 97.21766 17
 97.30054 3
 97.30650 9
 97.30976 13
 98.20077 6
 98.20704 10
 98.21018 14
 98.21773 17
 98.30061 3
 98.30656 9
 98.30970 13
 99.20083 6
 99.20710 10
 99.21024 14
 99.21779 17
 99.30067 3
 99.30656 9
 99.30976 13
100.20090 6
100.20717 10
100.21030 14
100.21786 17
100.30074 3
100.30662 9
100.30982 13
101.20096 6
101.20717 10
101.21030 14
101.21792 17
101.30074 3
101.30669 9
101.30989 13
102.20102 6
102.20723 10
102.21037 14
102.21792 17
102.30080 3
102.30675 9
102.30989 13
103.20109 6
103.20730 10
103.21043 14
103.21805 17
103.30086 3
103.30682 9
103.31002 13
104.20115 6
104.20742 10
104.21056 14
104.21837 17
104.30093 3
104.30694 9
104.31008 13
105.20115 6
105.20749 10
105.21069 14
105.21850 17
105.30099 3
105.30701 9
105.31014 13
106.20122 6
106.20755 10
106.21075 14
106.21862 17
106.30106 3
106.30707 9
106.31021 13
107.20128 6
107.20762 10
107.21088 14
107.21875 17
107.30106 3
107.30707 9
107.31027 13
108.20141 6
108.20787 10
108.21107 14
108.21901 17
108.30118 3
108.30726 9
108.31046 13
109.20147 6
109.20794 10
109.21114 14
109.21907 17
109.30125 3
109.30726 9
109.31046 13
110.20147 6
110.20794 10
110.21120 14
110.21907 17
110.30131 3
110.30733 9
110.31053 13
111.20154 6
111.20787 10
111.21101 14
111.21875 17
111.30131 3
111.30726 9
111.31040 13
112.20154 6
112.20794 10
112.21107 14
112.21894 17
112.30138 3
112.30733 9
112.31027 13
113.20160 6
113.20787 10
113.21101 14
113.21862 17
113.30144 3
113.30739 9
113.31027 13
114.20166 6
114.20813 14
114.21606 17
114.30144 3
114.30746 9
114.31066 13
115.20173 6
115.20806 14
115.21594 17
115.30150 3
115.30752 9
115.31072 13
116.20179 6
116.20806 14
116.21581 17
116.30157 3
116.30752 9
116.31072 13
117.20352 6
117.20973 14
117.21747 17
117.30330 3
117.30925 9
117.31309 13
118.20346 6
118.20966 14
118.21728 17
118.30336 3
118.30931 9
118.31226 13
119.20358 6
119.20986 14
119.21760 17
119.30342 3
119.30938 9
119.31232 13
120.20352 6
120.20979 14
120.21754 17
120.30349 3
120.30944 9
120.31322 13
121.20371 6
121.20998 14
121.21766 17
121.30349 3
121.30944 9
121.31238 13
122.20384 6
122.21005 14
122.21779 17
122.30355 3
122.30950 9
122.31245 13
123.20371 6
123.20992 14
123.21747 17
123.30362 3
123.30957 9
123.31251 13
124.20378 6
124.20998 14
124.21754 17
124.30368 3
124.30963 9
124.31258 13
125.20384 6
125.21005 14
125.21760 17
125.30374 3
125.30970 9
125.31264 13
126.20384 6
126.21011 14
126.21766 17
126.30381 3
126.30970 9
126.31264 13
127.20390 6
127.21018 14
127.21773 17
127.30381 3
127.30976 9
127.31270 13
128.20397 6
128.21024 14
128.21779 17
128.30387 3
128.30982 9
128.31270 13
129.20403 6
129.21024 14
129.21786 17
129.30394 3
129.30989 9
129.31277 13
130.20410 6
130.21030 14
130.21792 17
130.30400 3
130.30995 9
130.31379 13
131.20416 6
131.21037 14
131.21792 17
131.30406 3
131.31002 9
131.31290 13
132.20422 6
132.21043 14
132.21798 17
132.30413 3
132.31002 9
132.31296 13
133.20422 6
133.21050 14
133.21805 17
133.30413 3
133.31008 9
133.31296 13
134.20435 6
134.21062 14
134.21843 17
134.30426 3
134.31027 9
134.31405 13
135.20442 6
135.21069 14
135.21850 17
135.30432 3
135.31034 9
135.31411 13
136.20442 6
136.21062 14
136.21837 17
136.30432 3
136.31027 9
136.31315 13
137.20442 6
137.21075 14
137.21856 17
137.30438 3
137.31040 9
137.31418 13
138.20454 6
138.21082 14
138.21862 17
138.30445 3
138.31046 9
138.31424 13
139.20454 6
139.21088 14
139.21882 17
139.30451 3
139.31053 9
139.31430 13
140.20467 6
140.21094 14
140.21882 17
140.30451 3
140.31046 9
140.31341 13
141.20480 6
141.21107 14
141.21882 17
141.30458 3
141.31053 9
141.31347 13
142.20486 6
142.21114 14
142.21888 17
142.30464 3
142.31059 9
142.31354 13
143.20493 6
143.21120 14
143.21894 17
143.30470 3
143.31066 9
143.31450 13
144.20493 6
144.21126 14
144.21901 17
144.30477 3
144.31072 9
144.31450 13
145.20493 6
145.21120 14
145.21894 17
145.30477 3
145.31072 9
145.31373 13
146.20499 6
146.21126 14
146.21901 17
146.30483 3
146.31078 9
146.31379 13
147.20506 6
147.21133 14
147.21907 17
147.30490 3
147.31085 9
147.31379 13
148.20512 6
148.21139 14
148.21914 17
148.30496 3
148.31091 9
148.31475 13
149.20518 6
149.21146 14
149.21914 17
149.30502 3
149.31098 9
149.31482 13
150.20525 6
150.21146 14
150.21920 17
150.30509 3
150.31104 9
150.31398 13
151.20531 6
151.21152 14
151.21926 17
151.30515 3
151.31104 9
151.31405 13
152.20538 6
152.21158 14
152.21933 17
152.30515 3
152.31110 9
152.31494 13
153.20544 6
153.21165 14
153.21939 17
153.30522 3
153.31117 9
153.31501 13
154.20544 6
154.21171 14
154.21946 17
154.30528 3
154.31123 9
154.31418 13
155.20550 6
155.21178 14
155.21952 17
155.30534 3
155.31130 9
155.31514 13
156.20557 6
156.21184 14
156.21958 17
156.30541 3
156.31136 9
156.31430 13
157.20544 6
157.21165 14
157.21926 17
157.30541 3
157.31136 9
157.31437 13
158.20570 6
158.21190 14
158.21965 17
158.30547 3
158.31142 9
158.31437 13
159.20557 6
159.21178 14
159.21933 17
159.30554 3
159.31149 9
159.31443 13
160.20582 6
160.21203 14
160.21978 17
160.30560 3
160.31155 9
160.31450 13
161.20570 6
161.21197 14
161.21978 17
161.30566 3
161.31168 9
161.31552 13
162.20576 6
162.21203 14
162.21984 17
162.30573 3
162.31174 9
162.31558 13
163.20576 6
163.21210 14
163.21990 17
163.30573 3
163.31187 9
163.31571 13
164.20589 6
164.21216 14
164.21997 17
164.30579 3
164.31181 9
164.31565 13
165.20589 6
165.21229 14
165.22010 17
165.30592 3
165.31200 9
165.31584 13
166.20602 6
166.21235 14
166.22022 17
166.30592 3
166.31200 9
166.31584 13
167.20595 6
167.21229 14
167.22010 17
167.30598 3
167.31200 9
167.31578 13
168.20608 6
168.21235 14
168.21990 17
168.30605 3
168.31200 9
168.31488 13
169.20614 6
169.21235 14
169.21997 17
169.30611 3
169.31206 9
169.31597 13
170.20621 6
170.21248 14
170.22003 17
170.30611 3
170.31206 9
170.31501 13
171.20627 6
171.21261 14
171.22035 17
171.22618 23
171.30618 3
171.31219 9
171.31603 13
172.20634 6
172.21254 14
172.22042 17
172.22618 23
172.30624 3
172.31226 9
172.31610 13
173.20640 6
173.21274 14
173.22054 17
173.22630 23
173.30630 3
173.31226 9
173.31610 13
174.20653 6
174.21280 14
174.22054 17
174.22630 23
174.30637 3
174.31226 9
174.31526 13
175.20659 6
175.21286 14
175.22061 17
175.22637 23
175.30637 3
175.31232 9
175.31616 13
176.20659 6
176.21286 14
176.22067 17
176.22643 23
176.30643 3
176.31238 9
176.31622 13
177.20666 6
177.21293 14
177.22074 17
177.22650 23
177.30650 3
177.31251 9
177.31635 13
178.20672 6
178.21312 14
178.22093 17
178.22669 23
178.30656 3
178.31251 9
178.31546 13
179.20678 6
179.21312 14
179.22099 17
179.22669 23
179.30662 3
179.31264 9
179.31642 13
180.20678 6
180.21318 14
180.22106 17
180.22682 23
180.30669 3
180.31264 9
180.31648 13
181.20685 6
181.21325 14
181.22106 17
181.22682 23
181.30669 3
181.31270 9
181.31654 13
182.20691 6
182.21312 14
182.22086 17
182.22662 23
182.30675 3
182.31277 9
182.31661 13
183.20698 6
183.21318 14
183.22093 17
183.22669 23
183.30682 3
183.31283 9
183.31667 13
184.20704 6
184.21331 14
184.22112 17
184.22688 23
184.30688 3
184.31296 9
184.31680 13
185.20710 6
185.21338 14
185.22118 17
185.22694 23
185.30694 3
185.31302 9
185.31686 13
186.20717 6
186.21344 14
186.22125 17
186.22701 23
186.30701 3
186.31309 9
186.31686 13
187.20723 6
187.21350 14
187.22131 17
187.22707 23
187.30707 3
187.31315 9
187.31699 13
188.20730 6
188.21357 14
188.22138 17
188.22714 23
188.30714 3
188.31315 9
188.31699 13
189.20730 6
189.21370 14
189.22157 17
189.22739 23
189.30720 3
189.31328 9
189.31718 13
190.20736 6
190.21363 14
190.22144 17
190.22720 23
190.30720 3
190.31334 9
190.31718 13
191.20742 6
191.21370 14
191.22150 17
191.22733 23
191.30726 3
191.31334 9
191.31718 13
192.20749 6
192.21376 14
192.22157 17
192.22733 23
192.30733 3
192.31341 9
192.31725 13
193.20755 6
193.21382 14
193.22163 17
193.22739 23
193.30739 3
193.31341 9
193.31731 13
194.20755 6
194.21376 14
194.22150 17
194.22726 23
194.30739 3
194.31341 9
194.31725 13
195.20762 6
195.21382 14
195.22157 17
195.22733 23
195.30746 3
195.31347 9
195.31731 13
196.20768 6
196.21389 14
196.22163 17
196.22739 23
196.30752 3
196.31354 9
196.31744 13
197.20774 6
197.21395 14
197.22170 17
197.22746 23
197.30752 3
197.31354 9
197.31738 13
198.20781 6
198.21402 14
198.22176 17
198.22752 23
198.30758 3
198.31360 9
198.31744 13
199.20787 6
199.21408 14
199.22182 17
199.22758 23
199.30765 3
199.31366 9
199.31750 13
200.20787 6
200.21414 14
200.22189 17
200.22758 23
200.30771 3
200.31373 9
200.31757 13
201.20794 6
201.21421 14
201.22195 17
201.22771 23
201.30778 3
201.31379 9
201.31763 13
202.20800 6
202.21427 14
202.22195 17
202.22771 23
202.30784 3
202.31386 9
202.31763 13
203.20806 6
203.21427 14
203.22202 17
203.22778 23
203.30784 3
203.31386 9
203.31770 13
204.20819 6
204.21446 14
204.22227 17
204.22803 23
204.30797 3
204.31405 9
204.31789 13
205.20819 6
205.21453 14
205.22240 17
205.22822 23
205.30803 3
205.31405 9
205.31795 13
206.20826 6
206.21466 14
206.22253 17
206.22829 23
206.30810 3
206.31411 9
206.31802 13
207.20832 6
207.21472 14
207.22259 17
207.22835 23
207.30810 3
207.31418 9
207.31802 13
208.20838 6
208.21478 14
208.22259 17
208.22842 23
208.30816 3
208.31424 9
208.31808 13
209.20845 6
209.21485 14
209.22278 17
209.22854 23
209.30822 3
209.31430 9
209.31814 13
210.20851 6
210.21491 14
210.22285 17
210.22861 23
210.30829 3
210.31430 9
210.31821 13
211.20851 6
211.21491 14
211.22278 17
211.22861 23
211.30835 3
211.31437 9
211.31821 13
212.20858 6
212.21498 14
212.22285 17
212.22861 23
212.30842 3
212.31443 9
212.31827 13
213.20864 6
213.21498 14
213.22285 17
213.22861 23
213.30842 3
213.31450 9
213.31834 13
214.20864 6
214.21498 14
214.22278 17
214.22854 23
214.30848 3
214.31443 9
214.31827 13
215.20870 6
215.21498 14
215.22278 17
215.22854 23
215.30848 3
215.31450 9
215.31834 13
216.20877 6
216.21504 14
216.22285 17
216.22861 23
216.30854 3
216.31456 9
216.31840 13
217.20870 6
217.21491 14
217.22253 17
217.22842 23
217.30861 3
217.31462 9
217.31846 13
218.20877 6
218.21498 14
218.22253 17
218.22848 23
218.30867 3
218.31469 9
218.31846 13
219.20883 6
219.21504 14
219.22259 17
219.22854 23
219.30874 3
219.31482 9
219.31859 13
220.20883 6
220.21517 14
220.22298 17
220.22874 23
220.30874 3
220.31482 9
220.31866 13
221.20890 6
221.21523 14
221.22304 17
221.22880 23
221.30880 3
221.31488 9
221.31872 13
222.20896 6
222.21530 14
222.22310 17
222.22886 23
222.30886 3
222.31494 9
222.31878 13
223.20902 6
223.21530 14
223.22310 17
223.22893 23
223.30893 3
223.31501 9
223.31885 13
224.20909 6
224.21536 14
224.22317 17
224.22899 23
224.30899 3
224.31507 9
224.31885 13
225.21075 6
225.21702 14
225.22483 17
225.23066 23
225.31072 3
225.31680 9
225.32058 13
226.21075 6
226.21709 14
226.22490 17
226.23072 23
226.31072 3
226.31680 9
226.32064 13
227.21082 6
227.21715 14
227.22496 17
227.23078 23
227.31078 3
227.31686 9
227.32070 13
228.21088 6
228.21722 14
228.22496 17
228.23078 23
228.31085 3
228.31693 9
228.32083 13
229.21094 6
229.21728 14
229.22502 17
229.23085 23
229.31091 3
229.31706 9
229.32090 13
230.21101 6
230.21734 14
230.22515 17
230.23098 23
230.31098 3
230.31706 9
230.32090 13
231.21107 6
231.21734 14
231.22515 17
231.23098 23
231.31098 3
231.31706 9
231.32090 13
232.21114 6
232.21741 14
232.22522 17
232.23104 23
232.31104 3
232.31712 9
232.32096 13
233.21120 6
233.21747 14
233.22528 17
233.23110 23
233.31110 3
233.31718 9
233.32102 13
234.21126 6
234.21754 14
234.22534 17
234.23117 23
234.31117 3
234.31725 9
234.32109 13
235.21133 6
235.21760 14
235.22541 17
235.23123 23
235.31123 3
235.31731 9
235.32115 13
236.21139 6
236.21766 14
236.22547 17
236.23130 23
236.31130 3
236.31738 9
236.32115 13
237.21139 6
237.21773 14
237.22554 17
237.23136 23
237.31130 3
237.31738 9
237.32122 13
238.21146 6
238.21779 14
238.22573 17
238.23155 23
238.31136 3
238.31744 9
238.32128 13
239.21152 6
239.21792 14
239.22579 17
239.23162 23
239.31142 3
239.31750 9
239.32134 13
240.21171 6
240.21798 14
240.22586 17
240.23168 23
240.31149 3
240.31757 9
240.32141 13
241.21171 6
241.21805 14
241.22592 17
241.23174 23
241.31155 3
241.31763 9
241.32141 13
242.21178 6
242.21811 14
242.22598 17
242.23174 23
242.31155 3
242.31763 9
242.32147 13
243.21184 6
243.21818 14
243.22605 17
243.23181 23
243.31162 3
243.31770 9
243.32154 13
244.21190 6
244.21818 14
244.22611 17
244.23194 23
244.31168 3
244.31776 9
244.32160 13
245.21184 6
245.21818 14
245.22598 17
245.23181 23
245.31174 3
245.31782 9
245.32166 13
246.21197 6
246.21830 14
246.22618 17
246.23200 23
246.31181 3
246.31789 9
246.32166 13
247.21197 6
247.21830 14
247.22611 17
247.23194 23
247.31187 3
247.31789 9
247.32173 13
248.21203 6
248.21837 14
248.22624 17
248.23206 23
248.31187 3
248.31795 9
248.32179 13
249.21210 6
249.21843 14
249.22630 17
249.23213 23
249.31194 3
249.31802 9
249.32186 13
250.21216 6
250.21850 14
250.22637 17
250.23219 23
250.31200 3
250.31808 9
250.32192 13
251.21222 6
251.21850 14
251.22643 17
251.23226 23
251.31206 3
251.31814 9
251.32198 13
252.21210 6
252.21843 14
252.22618 17
252.23200 23
252.31213 3
252.31821 9
252.32198 13
253.21235 6
253.21862 14
253.22650 17
253.23232 23
253.31213 3
253.31821 9
253.32205 13
254.21222 6
254.21850 14
254.22630 17
254.23213 23
254.31219 3
254.31827 9
254.32211 13
255.21222 6
255.21856 14
255.22637 17
255.23219 23
255.31226 3
255.31834 9
255.32218 13
256.21235 6
256.21862 14
256.22643 17
256.23226 23
256.31232 3
256.31840 9
256.32224 13
257.21235 6
257.21869 14
257.22650 17
257.23232 23
257.31238 3
257.31846 9
257.32224 13
258.21242 6
258.21875 14
258.22650 17
258.23232 23
258.31238 3
258.31846 9
258.32230 13
259.21248 6
259.21875 14
259.22656 17
259.23238 23
259.31245 3
259.31853 9
259.32237 13
260.21254 6
260.21882 14
260.22662 17
260.23245 23
260.31251 3
260.31859 9
260.32243 13
261.21254 6
261.21888 14
261.22669 17
261.23251 23
261.31258 3
261.31866 9
261.32256 13
262.21261 6
262.21894 14
262.22675 17
262.23258 23
262.31264 3
262.31878 9
262.32262 13
263.21267 6
263.21901 14
263.22675 17
263.23258 23
263.31264 3
263.31872 9
263.32256 13
264.21274 6
264.21907 14
264.22682 17
264.23264 23
264.31270 3
264.31878 9
264.32262 13
265.21280 6
265.21914 14
265.22688 17
265.23270 23
265.31277 3
265.31885 9
265.32269 13
266.21286 6
266.21920 14
266.22694 17
266.23277 23
266.31283 3
266.31891 9
266.32275 13
267.21293 6
267.21920 14
267.22701 17
267.23283 23
267.31290 3
267.31898 9
267.32275 13
268.21299 6
268.21926 14
268.22707 17
268.23290 23
268.31296 3
268.31904 9
268.32282 13
269.21306 6
269.21933 14
269.22714 17
269.23296 23
269.31296 3
269.31904 9
269.32288 13
270.21312 6
270.21939 14
270.22720 17
270.23302 23
270.31302 3
270.31910 9
270.32294 13
271.21318 6
271.21946 14
271.22739 17
271.23322 23
271.31309 3
271.31917 9
271.32301 13
272.21318 6
272.21965 14
272.22739 17
272.23322 23
272.31315 3
272.31923 9
272.32307 13
273.21338 6
273.21971 14
273.22739 17
273.23322 23
273.31322 3
273.31930 9
273.32307 13
274.21338 6
274.21971 14
274.22746 17
274.23322 23
274.31322 3
274.31930 9
274.32314 13
275.21344 6
275.21978 14
275.22752 17
275.23328 23
275.31328 3
275.31936 9
275.32320 13
276.21350 6
276.21984 14
276.22752 17
276.23334 23
276.31334 3
276.31942 9
276.32326 13
277.21350 6
277.21978 14
277.22752 17
277.23334 23
277.31341 3
277.31949 9
277.32333 13
278.21350 6
278.21984 14
278.22733 17
278.23328 23
278.31347 3
278.31955 9
278.32333 13
279.21357 6
279.21990 14
279.22739 17
279.23334 23
279.31347 3
279.31955 9
279.32339 13
280.21370 6
280.22016 14
280.22790 17
280.23373 23
280.31354 3
280.31962 9
280.32346 13
281.21370 6
281.21997 14
281.22752 17
281.23347 23
281.31360 3
281.31968 9
281.32352 13
282.21376 6
282.22003 14
282.22758 17
282.23354 23
282.31366 3
282.31974 9
282.32358 13
283.21382 6
283.22010 14
283.22765 17
283.23360 23
283.31373 3
283.31981 9
283.32358 13
284.21389 6
284.22016 14
284.22784 17
284.23366 23
284.31373 3
284.31981 9
284.32365 13
285.21389 6
285.22022 14
285.22790 17
285.23373 23
285.31379 3
285.31987 9
285.32371 13
286.21395 6
286.22029 14
286.22790 17
286.23373 23
286.31386 3
286.31994 9
286.32378 13
287.21402 6
287.22035 14
287.22803 17
287.23386 23
287.31392 3
287.32000 9
287.32384 13
288.21408 6
288.22042 14
288.22803 17
288.23386 23
288.31398 3
288.32006 9
288.32384 13
289.21414 6
289.22042 14
289.22810 17
289.23392 23
289.31398 3
289.32006 9
289.32390 13
290.21421 6
290.22054 14
290.22816 17
290.23398 23
290.31405 3
290.32013 9
290.32397 13
291.21427 6
291.22054 14
291.22822 17
291.23405 23
291.31411 3
291.32019 9
291.32403 13
292.21434 6
292.22061 14
292.22829 17
292.23411 23
292.31418 3
292.32026 9
292.32410 13
293.21440 6
293.22067 14
293.22835 17
293.23418 23
293.31424 3
293.32032 9
293.32416 13
294.21446 6
294.22074 14
294.22848 17
294.23430 23
294.31430 3
294.32032 9
294.32429 13
295.21434 6
295.22061 14
295.22816 17
295.23411 23
295.31430 3
295.32051 9
295.32435 13
296.21459 6
296.22086 14
296.22861 17
296.23443 23
296.31437 3
296.32045 9
296.32429 13
297.21459 6
297.22093 14
297.22867 17
297.23450 23
297.31443 3
297.32051 9
297.32435 13
298.21466 6
298.22099 14
298.22874 17
298.23456 23
298.31450 3
298.32058 9
298.32442 13
299.21472 6
299.22106 14
299.22880 17
299.23462 23
299.31456 3
299.32064 9
299.32442 13
300.21459 6
300.22086 14
300.22842 17
300.23437 23
300.31462 3
300.32064 9
300.32448 13
301.21485 6
301.22112 14
301.22886 17
301.23469 23
301.31462 3
301.32070 9
301.32454 13
302.21472 6
302.22099 14
302.22854 17
302.23450 23
302.31469 3
302.32077 9
302.32461 13
303.21478 6
303.22106 14
303.22861 17
303.23456 23
303.31475 3
303.32083 9
303.32467 13
304.21478 6
304.22112 14
304.22886 17
304.23469 23
304.31482 3
304.32090 9
304.32474 13
305.21485 6
305.22125 14
305.22899 17
305.23482 23
305.31482 3
305.32090 9
305.32474 13
306.21504 6
306.22138 14
306.22906 17
306.23488 23
306.31488 3
306.32096 9
306.32480 13
307.21510 6
307.22138 14
307.22906 17
307.23488 23
307.31494 3
307.32102 9
307.32486 13
308.21510 6
308.22144 14
308.22912 17
308.23494 23
308.31501 3
308.32109 9
308.32493 13
309.21523 6
309.22150 14
309.22918 17
309.23501 23
309.31507 3
309.32115 9
309.32493 13
310.21530 6
310.22163 14
310.22938 17
310.23520 23
310.31507 3
310.32115 9
310.32499 13
311.21536 6
311.22170 14
311.22944 17
311.23526 23
311.31514 3
311.32122 9
311.32506 13
312.21542 6
312.22176 14
312.22950 17
312.23533 23
312.31520 3
312.32128 9
312.32512 13
313.21542 6
313.22182 14
313.22957 17
313.23539 23
313.31526 3
313.32134 9
313.32518 13
314.21536 6
314.22170 14
314.22918 17
314.23514 23
314.31533 3
314.32141 9
314.32518 13
315.21542 6
315.22176 14
315.22925 17
315.23520 23
315.31539 3
315.32147 9
315.32525 13
316.21549 6
316.22182 14
316.22931 17
316.23526 23
316.31539 3
316.32147 9
316.32531 13
317.21555 6
317.22182 14
317.22938 17
317.23533 23
317.31546 3
317.32154 9
317.32538 13
318.21562 6
318.22189 14
318.22944 17
318.23539 23
318.31552 3
318.32160 9
318.32544 13
319.21568 6
319.22195 14
319.22944 17
319.23546 23
319.31558 3
319.32166 9
319.32550 13
320.21574 6
320.22202 14
320.22970 17
320.23552 23
320.31565 3
320.32173 9
320.32550 13
321.21574 6
321.22208 14
321.22976 17
321.23558 23
321.31565 3
321.32173 9
321.32557 13
322.21581 6
322.22214 14
322.22963 17
322.23558 23
322.31571 3
322.32179 9
322.32563 13
323.21587 6
323.22214 14
323.22970 17
323.23565 23
323.31578 3
323.32186 9
323.32570 13
324.21594 6
324.22221 14
324.22976 17
324.23571 23
324.31584 3
324.32192 9
324.32576 13
325.21600 6
325.22227 14
325.22995 17
325.23578 23
325.31590 3
325.32198 9
325.32576 13
326.21606 6
326.22234 14
326.23002 17
326.23584 23
326.31597 3
326.32198 9
326.32582 13
327.21613 6
327.22240 14
327.23008 17
327.23590 23
327.31597 3
327.32205 9
327.32602 13
328.21619 6
328.22246 14
328.23014 17
328.23597 23
328.31603 3
328.32224 9
328.32608 13
329.21626 6
329.22253 14
329.23021 17
329.23603 23
329.31610 3
329.32218 9
329.32602 13
330.21626 6
330.22259 14
330.23027 17
330.23603 23
330.31616 3
330.32224 9
330.32602 13
331.21632 6
331.22266 14
331.23027 17
331.23610 23
331.31616 3
331.32224 9
331.32608 13
332.21638 6
332.22272 14
332.23034 17
332.23616 23
332.31622 3
332.32230 9
332.32614 13
333.21798 6
333.22586 14
333.23187 17
333.23782 23
333.31795 3
333.32467 9
333.32774 13
334.21805 6
334.22586 14
334.23194 17
334.23789 23
334.31802 3
334.32474 9
334.32781 13
335.21805 6
335.22579 14
335.23181 17
335.23776 23
335.31802 3
335.32480 9
335.32787 13
336.21818 6
336.22598 14
336.23200 17
336.23802 23
336.31808 3
336.32480 9
336.32794 13
337.21824 6
337.22618 14
337.23238 17
337.23821 23
337.31814 3
337.32486 9
337.32800 13
338.21830 6
338.22630 14
338.23245 17
338.23827 23
338.31821 3
338.32493 9
338.32800 13
339.21843 6
339.22630 14
339.23251 17
339.23834 23
339.31827 3
339.32499 9
339.32806 13
340.21843 6
340.22618 14
340.23219 17
340.23814 23
340.31827 3
340.32499 9
340.32813 13
341.21843 6
341.22624 14
341.23226 17
341.23821 23
341.31834 3
341.32506 9
341.32819 13
342.21850 6
342.22630 14
342.23232 17
342.23827 23
342.31840 3
342.32512 9
342.32826 13
343.21862 6
343.22643 14
343.23258 17
343.23840 23
343.31846 3
343.32518 9
343.32832 13
344.21862 6
344.22650 14
344.23264 17
344.23846 23
344.31853 3
344.32525 9
344.32832 13
345.21875 6
345.22656 14
345.23270 17
345.23853 23
345.31859 3
345.32531 9
345.32838 13
346.21882 6
346.22662 14
346.23283 17
346.23866 23
346.31859 3
346.32531 9
346.32845 13
347.21869 6
347.22637 14
347.23232 17
347.23827 23
347.31866 3
347.32538 9
347.32851 13
348.21869 6
348.22637 14
348.23232 17
348.23821 23
348.31872 3
348.32538 9
348.32851 13
349.21875 6
349.22643 14
349.23238 17
349.23827 23
349.31878 3
349.32544 9
349.32851 13
350.21882 6
350.22643 14
350.23245 17
350.23834 23
350.31885 3
350.32550 9
350.32851 13
351.21888 6
351.22650 14
351.23245 17
351.23834 23
351.31885 3
351.32550 9
351.32858 13
352.21888 6
352.22656 14
352.23251 17
352.23840 23
352.31891 3
352.32557 9
352.32870 13
353.21894 6
353.22662 14
353.23258 17
353.23846 23
353.31898 3
353.32563 9
353.32877 13
354.21907 6
354.22682 14
354.23277 17
354.23872 23
354.31904 3
354.32576 9
354.32890 13
355.21914 6
355.22682 14
355.23283 17
355.23878 23
355.31910 3
355.32582 9
355.32896 13
356.21914 6
356.22688 14
356.23290 17
356.23885 23
356.31917 3
356.32589 9
356.32902 13
357.21920 6
357.22694 14
357.23296 17
357.23891 23
357.31923 3
357.32595 9
357.32909 13
358.21933 6
358.22707 14
358.23315 17
358.23917 23
358.31930 3
358.32608 9
358.32922 13
359.21939 6
359.22714 14
359.23322 17
359.23923 23
359.31936 3
359.32614 9
359.32928 13
360.21939 6
360.22720 14
360.23322 17
360.23923 23
360.31942 3
360.32621 9
360.32947 13
361.21946 6
361.22726 14
361.23328 17
361.23930 23
361.31949 3
361.32634 9
361.32954 13
362.21952 6
362.22733 14
362.23334 17
362.23936 23
362.31949 3
362.32627 9
362.32947 13
363.21958 6
363.22739 14
363.23341 17
363.23942 23
363.31955 3
363.32634 9
363.33254 13
364.21958 6
364.22739 14
364.23341 17
364.23942 23
364.31962 3
364.32640 9
364.33248 13
365.21965 6
365.22733 14
365.23334 17
365.23930 23
365.31962 3
365.32634 9
365.33242 13
366.21971 6
366.22733 14
366.23334 17
366.23930 23
366.31968 3
366.32640 9
366.33248 13
367.21971 6
367.22739 14
367.23341 17
367.23936 23
367.31974 3
367.32646 9
367.33254 13
368.21978 6
368.22746 14
368.23347 17
368.23942 23
368.31981 3
368.32653 9
368.33254 13
369.21984 6
369.22739 14
369.23334 17
369.23923 23
369.31981 3
369.32646 9
369.33248 13
370.21984 6
370.22746 14
370.23354 17
370.23942 23
370.31987 3
370.32653 9
370.33248 13
371.21990 6
371.22765 14
371.23360 17
371.23955 23
371.31987 3
371.32653 9
371.33254 13
372.22010 6
372.22771 14
372.23366 17
372.23962 23
372.31994 3
372.32659 9
372.33261 13
373.22016 6
373.22778 14
373.23373 17
373.23968 23
373.32000 3
373.32666 9
373.33267 13
374.22022 6
374.22797 14
374.23392 17
374.23994 23
374.32006 3
374.32678 9
374.33286 13
375.22029 6
375.22803 14
375.23398 17
375.23994 23
375.32013 3
375.32685 9
375.33293 13
376.22042 6
376.22816 14
376.23430 17
376.24006 23
376.32019 3
376.32691 9
376.33299 13
377.22029 6
377.22797 14
377.23398 17
377.23994 23
377.32026 3
377.32698 9
377.33299 13
378.22054 6
378.22842 14
378.23462 17
378.24045 23
378.32032 3
378.32710 9
378.33325 13
379.22061 6
379.22848 14
379.23469 17
379.24051 23
379.32038 3
379.32717 9
379.33325 13
380.22054 6
380.22842 14
380.23462 17
380.24045 23
380.32045 3
380.32717 9
380.33331 13
381.22054 6
381.22848 14
381.23469 17
381.24051 23
381.32045 3
381.32723 9
381.33344 13
382.22061 6
382.22854 14
382.23475 17
382.24058 23
382.32051 3
382.32730 9
382.33350 13
383.22067 6
383.22854 14
383.23482 17
383.24064 23
383.32058 3
383.32736 9
383.33357 13
384.22061 6
384.22842 14
384.23443 17
384.24045 23
384.32064 3
384.32742 9
384.33357 13
385.22074 6
385.22854 14
385.23475 17
385.24051 23
385.32064 3
385.32736 9
385.33350 13
386.22080 6
386.22861 14
386.23482 17
386.24058 23
386.32070 3
386.32742 9
386.33357 13
387.22086 6
387.22867 14
387.23488 17
387.24064 23
387.32077 3
387.32749 9
387.33363 13
388.22093 6
388.22874 14
388.23488 17
388.24070 23
388.32083 3
388.32749 9
388.33363 13
389.22080 6
389.22848 14
389.23443 17
389.24032 23
389.32083 3
389.32749 9
389.33357 13
390.22086 6
390.22854 14
390.23450 17
390.24038 23
390.32090 3
390.32755 9
390.33363 13
391.22093 6
391.22854 14
391.23450 17
391.24045 23
391.32090 3
391.32755 9
391.33357 13
392.22099 6
392.22861 14
392.23456 17
392.24051 23
392.32096 3
392.32762 9
392.33363 13
393.22099 6
393.22867 14
393.23462 17
393.24051 23
393.32102 3
393.32768 9
393.33382 13
394.22106 6
394.22874 14
394.23469 17
394.24058 23
394.32109 3
394.32781 9
394.33382 13
395.22112 6
395.22880 14
395.23475 17
395.24064 23
395.32115 3
395.32781 9
395.33382 13
396.22118 6
396.22880 14
396.23475 17
396.24070 23
396.32115 3
396.32781 9
396.33382 13
397.22125 6
397.22886 14
397.23482 17
397.24070 23
397.32122 3
397.32787 9
397.33389 13
398.22125 6
398.22893 14
398.23488 17
398.24077 23
398.32128 3
398.32794 9
398.33395 13
399.22131 6
399.22899 14
399.23494 17
399.24083 23
399.32134 3
399.32800 9
399.33402 13
400.22138 6
400.22906 14
400.23501 17
400.24090 23
400.32141 3
400.32806 9
400.33408 13
401.22144 6
401.22906 14
401.23501 17
401.24096 23
401.32141 3
401.32806 9
401.33408 13
402.22150 6
402.22912 14
402.23507 17
402.24102 23
402.32147 3
402.32813 9
402.33414 13
403.22150 6
403.22925 14
403.23526 17
403.24115 23
403.32154 3
403.32819 9
403.33421 13
404.22157 6
404.22938 14
404.23539 17
404.24128 23
404.32160 3
404.32826 9
404.33427 13
405.22176 6
405.22944 14
405.23539 17
405.24134 23
405.32166 3
405.32832 9
405.33427 13
406.22182 6
406.22950 14
406.23546 17
406.24134 23
406.32166 3
406.32832 9
406.33434 13
407.22189 6
407.22957 14
407.23552 17
407.24141 23
407.32173 3
407.32838 9
407.33440 13
408.22189 6
408.22963 14
408.23558 17
408.24147 23
408.32179 3
408.32845 9
408.33446 13
409.22202 6
409.22982 14
409.23578 17
409.24166 23
409.32186 3
409.32851 9
409.33453 13
410.22195 6
410.22970 14
410.23565 17
410.24154 23
410.32192 3
410.32858 9
410.33459 13
411.22214 6
411.22989 14
411.23584 17
411.24173 23
411.32192 3
411.32858 9
411.33459 13
412.22221 6
412.22995 14
412.23590 17
412.24179 23
412.32198 3
412.32864 9
412.33466 13
413.22208 6
413.22976 14
413.23571 17
413.24160 23
413.32205 3
413.32870 9
413.33472 13
414.22214 6
414.22982 14
414.23578 17
414.24166 23
414.32211 3
414.32877 9
414.33478 13
415.22221 6
415.22982 14
415.23584 17
415.24173 23
415.32218 3
415.32883 9
415.33478 13
416.22227 6
416.22989 14
416.23584 17
416.24179 23
416.32218 3
416.32883 9
416.33485 13
417.22234 6
417.23008 14
417.23603 17
417.24192 23
417.32224 3
417.32890 9
417.33491 13
418.22240 6
418.23014 14
418.23610 17
418.24198 23
418.32230 3
418.32896 9
418.33498 13
419.22240 6
419.23014 14
419.23610 17
419.24205 23
419.32237 3
419.32902 9
419.33504 13
420.22246 6
420.23021 14
420.23616 17
420.24211 23
420.32237 3
420.32902 9
420.33504 13
421.22253 6
421.23027 14
421.23622 17
421.24211 23
421.32243 3
421.32909 9
421.33510 13
422.22259 6
422.23034 14
422.23629 17
422.24218 23
422.32250 3
422.32915 9
422.33517 13
423.22266 6
423.23040 14
423.23635 17
423.24224 23
423.32256 3
423.32922 9
423.33523 13
424.22272 6
424.23046 14
424.23642 17
424.24230 23
424.32262 3
424.32928 9
424.33530 13
425.22266 6
425.23034 14
425.23629 17
425.24218 23
425.32269 3
425.32928 9
425.33530 13
426.22272 6
426.23034 14
426.23629 17
426.24224 23
426.32269 3
426.32941 9
426.33549 13
427.22278 6
427.23040 14
427.23635 17
427.24224 23
427.32275 3
427.32954 9
427.33555 13
428.22278 6
428.23046 14
428.23642 17
428.24230 23
428.32282 3
428.32947 9
428.33549 13
429.22285 6
429.23053 14
429.23648 17
429.24237 23
429.32288 3
429.32954 9
429.33555 13
430.22291 6
430.23053 14
430.23648 17
430.24243 23
430.32294 3
430.32960 9
430.33555 13
431.22298 6
431.23059 14
431.23661 17
431.24250 23
431.32294 3
431.32960 9
431.33562 13
432.22304 6
432.23066 14
432.23661 17
432.24250 23
432.32301 3
432.32966 9
432.33568 13
433.22304 6
433.23072 14
433.23667 17
433.24256 23
433.32307 3
433.32973 9
433.33574 13
434.22310 6
434.23078 14
434.23674 17
434.24262 23
434.32314 3
434.32979 9
434.33581 13
435.22317 6
435.23078 14
435.23680 17
435.24269 23
435.32320 3
435.32979 9
435.33581 13
436.22323 6
436.23091 14
436.23693 17
436.24282 23
436.32320 3
436.32986 9
436.33587 13
437.22330 6
437.23110 14
437.23706 17
437.24294 23
437.32326 3
437.32992 9
437.33594 13
438.22342 6
438.23110 14
438.23706 17
438.24301 23
438.32333 3
438.32998 9
438.33600 13
439.22349 6
439.23117 14
439.23712 17
439.24307 23
439.32339 3
439.33005 9
439.33606 13
440.22355 6
440.23123 14
440.23718 17
440.24307 23
440.32339 3
440.33005 9
440.33606 13
441.22522 6
441.23290 14
441.23885 17
441.24474 23
441.32512 3
441.33178 9
441.33779 13
442.22522 6
442.23296 14
442.23891 17
442.24480 23
442.32518 3
442.33184 9
442.33786 13
443.22522 6
443.23290 14
443.23885 17
443.24474 23
443.32525 3
443.33190 9
443.33792 13
444.22547 6
444.23322 14
444.23917 17
444.24512 23
444.32531 3
444.33197 9
444.33798 13
445.22554 6
445.23328 14
445.23923 17
445.24512 23
445.32538 3
445.33197 9
445.33798 13
446.22541 6
446.23302 14
446.23898 17
446.24493 23
446.32538 3
446.33203 9
446.33805 13
447.22547 6
447.23309 14
447.23904 17
447.24499 23
447.32544 3
447.33210 9
447.33811 13
448.22547 6
448.23315 14
448.23910 17
448.24499 23
448.32550 3
448.33216 9
448.33818 13
449.22554 6
449.23322 14
449.23917 17
449.24506 23
449.32557 3
449.33222 9
449.33824 13
450.22560 6
450.23328 14
450.23923 17
450.24512 23
450.32563 3
450.33229 9
450.33830 13
451.22566 6
451.23328 14
451.23923 17
451.24518 23
451.32563 3
451.33229 9
451.33830 13
452.22573 6
452.23334 14
452.23930 17
452.24518 23
452.32570 3
452.33235 9
452.33837 13
453.22573 6
453.23341 14
453.23936 17
453.24525 23
453.32576 3
453.33242 9
453.33843 13
454.22579 6
454.23347 14
454.23942 17
454.24531 23
454.32582 3
454.33248 9
454.33850 13
455.22586 6
455.23354 14
455.23949 17
455.24538 23
455.32589 3
455.33254 9
455.33856 13
456.22592 6
456.23354 14
456.23949 17
456.24544 23
456.32589 3
456.33254 9
456.33856 13
457.22598 6
457.23360 14
457.23962 17
457.24550 23
457.32595 3
457.33261 9
457.33862 13
458.22598 6
458.23366 14
458.23962 17
458.24550 23
458.32602 3
458.33267 9
458.33888 13
459.22605 6
459.23373 14
459.23968 17
459.24557 23
459.32608 3
459.33280 9
459.33901 13
460.22611 6
460.23373 14
460.23974 17
460.24563 23
460.32614 3
460.33286 9
460.33888 13
461.22618 6
461.23379 14
461.23974 17
461.24563 23
461.32614 3
461.33280 9
461.33882 13
462.22618 6
462.23386 14
462.23981 17
462.24570 23
462.32621 3
462.33286 9
462.33888 13
463.22624 6
463.23398 14
463.23994 17
463.24589 23
463.32627 3
463.33293 9
463.33894 13
464.22630 6
464.23405 14
464.24000 17
464.24595 23
464.32634 3
464.33299 9
464.33901 13
465.22637 6
465.23411 14
465.24006 17
465.24602 23
465.32634 3
465.33306 9
465.33907 13
466.22643 6
466.23418 14
466.24013 17
466.24602 23
466.32640 3
466.33306 9
466.33907 13
467.22650 6
467.23424 14
467.24019 17
467.24608 23
467.32646 3
467.33312 9
467.33914 13
468.22656 6
468.23430 14
468.24026 17
468.24614 23
468.32653 3
468.33318 9
468.33920 13
469.22656 6
469.23443 14
469.24038 17
469.24634 23
469.32659 3
469.33325 9
469.33920 13
470.22662 6
470.23456 14
470.24051 17
470.24640 23
470.32659 3
470.33325 9
470.33926 13
471.22682 6
471.23462 14
471.24058 17
471.24646 23
471.32666 3
471.33331 9
471.33933 13
472.22688 6
472.23469 14
472.24064 17
472.24653 23
472.32672 3
472.33338 9
472.33939 13
473.22694 6
473.23475 14
473.24070 17
473.24659 23
473.32678 3
473.33344 9
473.33946 13
474.22701 6
474.23482 14
474.24077 17
474.24666 23
474.32685 3
474.33350 9
474.33946 13
475.22701 6
475.23475 14
475.24070 17
475.24659 23
475.32685 3
475.33350 9
475.33952 13
476.22707 6
476.23482 14
476.24077 17
476.24666 23
476.32691 3
476.33357 9
476.33958 13
477.22714 6
477.23488 14
477.24083 17
477.24672 23
477.32698 3
477.33363 9
477.33965 13
478.22714 6
478.23494 14
478.24090 17
478.24678 23
478.32704 3
478.33370 9
478.33971 10
478.34259 13
479.22720 6
479.23501 14
479.24096 17
479.24685 23
479.32710 3
479.33376 9
479.33978 10
479.34285 13
480.22726 6
480.23501 14
480.24096 17
480.24691 23
480.32710 3
480.33376 9
480.33978 10
480.34291 13
481.22733 6
481.23507 14
481.24102 17
481.24691 23
481.32717 3
481.33382 9
481.33984 10
481.34298 13
482.22739 6
482.23514 14
482.24109 17
482.24704 23
482.32723 3
482.33389 9
482.33990 10
482.34298 13
482.34899 24
483.22726 6
483.23507 14
483.24102 17
483.24691 23
483.32730 3
483.33395 9
483.33990 10
483.34304 13
483.34906 24
484.22746 6
484.23526 14
484.24122 17
484.24710 23
484.32730 3
484.33402 9
484.34003 10
484.34310 13
484.34912 24
485.22752 6
485.23533 14
485.24128 17
485.24717 23
485.32736 3
485.33402 9
485.34003 10
485.34317 13
485.34918 24
486.22758 6
486.23533 14
486.24128 17
486.24723 23
486.32742 3
486.33408 9
486.34010 13
486.34611 24
487.22746 6
487.23526 14
487.24122 17
487.24710 23
487.32749 3
487.33414 9
487.34016 13
487.34611 24
488.22752 6
488.23533 14
488.24128 17
488.24717 23
488.32755 3
488.33414 9
488.34022 13
488.34618 24
489.22758 6
489.23533 14
489.24134 17
489.24723 23
489.32755 3
489.33421 9
489.34022 13
489.34643 24
490.22765 6
490.23533 14
490.24128 17
490.24717 23
490.32762 3
490.33427 9
490.34029 13
490.34630 24
491.22765 6
491.23533 14
491.24134 17
491.24723 23
491.32768 3
491.33434 9
491.34035 13
491.34656 24
492.22771 6
492.23539 14
492.24134 17
492.24723 23
492.32774 3
492.33446 9
492.34048 13
492.34650 24
493.22778 6
493.23552 14
493.24147 17
493.24742 23
493.32774 3
493.33453 9
493.34054 13
493.34656 24
494.22784 6
494.23552 14
494.24147 17
494.24736 23
494.32781 3
494.33446 9
494.34048 13
494.34650 24
495.22790 6
495.23565 14
495.24160 17
495.24749 23
495.32787 3
495.33453 9
495.34054 13
495.34656 24
496.22790 6
496.23558 14
496.24160 17
496.24749 23
496.32794 3
496.33459 9
496.34061 13
496.34662 24
497.22797 6
497.23565 14
497.24160 17
497.24749 23
497.32800 3
497.33466 9
497.34067 13
497.34662 24
498.22803 6
498.23571 14
498.24166 17
498.24755 23
498.32800 3
498.33466 9
498.34067 13
498.34669 24
499.22810 6
499.23578 14
499.24173 17
499.24762 23
499.32806 3
499.33472 9
499.34074 13
499.34675 24
500.22816 6
500.23578 14
500.24173 17
500.24768 23
500.32813 3
500.33478 9
500.34080 13
500.34682 24
501.22816 6
501.23597 14
501.24192 17
501.24781 23
501.32819 3
501.33485 9
501.34086 13
501.34688 24
502.22822 6
502.23610 14
502.24205 17
502.24800 23
502.32826 3
502.33491 9
502.34093 13
502.34688 24
503.22829 6
503.23622 14
503.24218 17
503.24806 23
503.32826 3
503.33498 9
503.34093 13
503.34694 24
504.22842 6
504.23629 14
504.24224 17
504.24813 23
504.32832 3
504.33498 9
504.34099 13
504.34701 24
505.22854 6
505.23635 14
505.24230 17
505.24819 23
505.32838 3
505.33504 9
505.34106 13
505.34707 24
506.22854 6
506.23642 14
506.24237 17
506.24826 23
506.32845 3
506.33510 9
506.34112 13
506.34714 24
507.22861 6
507.23642 14
507.24237 17
507.24832 23
507.32851 3
507.33517 9
507.34118 13
507.34714 24
508.22867 6
508.23648 14
508.24243 17
508.24832 23
508.32851 3
508.33517 9
508.34118 13
508.34720 24
509.22874 6
509.23648 14
509.24243 17
509.24838 23
509.32858 3
509.33523 9
509.34125 13
509.34726 24
510.22880 6
510.23654 14
510.24250 17
510.24838 23
510.32864 3
510.33530 9
510.34131 13
510.34733 24
511.22880 6
511.23661 14
511.24256 17
511.24845 23
511.32870 3
511.33536 9
511.34138 13
511.34733 24
512.22880 6
512.23654 14
512.24250 17
512.24838 23
512.32877 3
512.33542 9
512.34138 13
512.34739 24
513.22886 6
513.23661 14
513.24256 17
513.24851 23
513.32877 3
513.33542 9
513.34144 13
513.34746 24
514.22893 6
514.23667 14
514.24262 17
514.24851 23
514.32883 3
514.33549 9
514.34150 13
514.34752 24
515.22893 6
515.23674 14
515.24269 17
515.24858 23
515.32890 3
515.33555 9
515.34157 13
515.34758 24
516.22899 6
516.23680 14
516.24275 17
516.24864 23
516.32896 3
516.33562 9
516.34163 13
516.34765 24
517.22899 6
517.23667 14
517.24262 17
517.24851 23
517.32902 3
517.33568 9
517.34163 13
517.34765 24
518.22906 6
518.23674 14
518.24269 17
518.24858 23
518.32902 3
518.33568 9
518.34170 13
518.34771 24
519.22912 6
519.23680 14
519.24275 17
519.24864 23
519.32909 3
519.33574 9
519.34176 13
519.34778 24
520.22912 6
520.23680 14
520.24275 17
520.24864 23
520.32915 3
520.33581 9
520.34182 13
520.34784 24
521.22918 6
521.23686 14
521.24282 17
521.24877 23
521.32922 3
521.33587 9
521.34189 13
521.34784 24
522.22925 6
522.23693 14
522.24288 17
522.24877 23
522.32922 3
522.33587 9
522.34189 13
522.34790 24
523.22931 6
523.23699 14
523.24294 17
523.24883 23
523.32928 3
523.33594 9
523.34195 13
523.34797 24
524.22950 6
524.23731 14
524.24326 17
524.24915 23
524.32934 3
524.33600 9
524.34202 13
524.34803 24
525.22938 6
525.23706 14
525.24301 17
525.24896 23
525.32941 3
525.33613 9
525.34214 13
525.34816 24
526.22944 6
526.23712 14
526.24307 17
526.24896 23
526.32947 3
526.33619 9
526.34227 13
526.34822 24
527.22950 6
527.23718 14
527.24314 17
527.24902 23
527.32954 3
527.33613 9
527.34214 13
527.34816 24
528.22957 6
528.23725 14
528.24320 17
528.24909 23
528.32954 3
528.33619 9
528.34221 13
528.34816 24
529.22963 6
529.23731 14
529.24326 17
529.24915 23
529.32960 3
529.33626 9
529.34227 13
529.34829 24
530.22963 6
530.23738 14
530.24333 17
530.24928 23
530.32966 3
530.33632 9
530.34234 13
530.34829 24
531.22970 6
531.23738 14
531.24333 17
531.24922 23
531.32966 3
531.33632 9
531.34234 13
531.34835 24
532.22976 6
532.23744 14
532.24339 17
532.24928 23
532.32973 3
532.33638 9
532.34240 13
532.34842 24
533.22982 6
533.23750 14
533.24346 17
533.24934 23
533.32979 3
533.33645 9
533.34246 13
533.34848 24
534.22982 6
534.23750 14
534.24346 17
534.24941 23
534.32986 3
534.33651 9
534.34253 13
534.34854 24
535.22989 6
535.23770 14
535.24365 17
535.24954 23
535.32992 3
535.33658 9
535.34259 13
535.34854 24
536.22995 6
536.23782 14
536.24378 17
536.24966 23
536.32992 3
536.33664 9
536.34259 13
536.34861 24
537.23008 6
537.23782 14
537.24378 17
537.24966 23
537.32998 3
537.33664 9
537.34266 13
537.34867 24
538.23014 6
538.23789 14
538.24384 17
538.24973 23
538.33005 3
538.33670 9
538.34272 13
538.34893 24
539.23021 6
539.23795 14
539.24390 17
539.24979 23
539.33011 3
539.33677 9
539.34278 13
539.34874 24
540.23027 6
540.23808 14
540.24403 17
540.24992 23
540.33018 3
540.33683 9
540.34285 13
540.34880 24
541.23034 6
541.23814 14
541.24410 17
541.24998 23
541.33018 3
541.33683 9
541.34285 13
541.34886 24
542.23046 6
542.23821 14
542.24416 17
542.25011 23
542.33024 3
542.33690 9
542.34291 13
542.34893 24
543.23053 6
543.23827 14
543.24422 17
543.25018 23
543.33030 3
543.33696 9
543.34298 13
543.34899 24
544.23053 6
544.23827 14
544.24422 17
544.25011 23
544.33037 3
544.33702 9
544.34304 13
544.34906 24
545.23040 6
545.23808 14
545.24403 17
545.24992 23
545.33043 3
545.33709 9
545.34310 13
545.34925 24
546.23046 6
546.23814 14
546.24410 17
546.24998 23
546.33043 3
546.33715 9
546.34317 13
546.34912 24
547.23053 6
547.23821 14
547.24416 17
547.25005 23
547.33050 3
547.33715 9
547.34317 13
547.34938 24
548.23059 6
548.23834 14
548.24429 17
548.25018 23
548.33056 3
548.33722 9
548.34323 13
548.34944 24
549.23226 6
549.24006 14
549.24602 17
549.25190 23
549.33229 3
549.33894 9
549.34496 13
549.35110 24
550.23232 6
550.24013 14
550.24608 17
550.25197 23
550.33235 3
550.33901 9
550.34502 13
550.35117 24
551.23238 6
551.24013 14
551.24608 17
551.25203 23
551.33242 3
551.33907 9
551.34515 13
551.35123 24
552.23245 6
552.24019 14
552.24614 17
552.25203 23
552.33242 3
552.33907 9
552.34509 13
552.35110 24
553.23245 6
553.24026 14
553.24621 17
553.25210 23
553.33248 3
553.33914 9
553.34515 13
553.35117 24
554.23251 6
554.24032 14
554.24627 17
554.25216 23
554.33254 3
554.33920 9
554.34528 13
554.35136 24
555.23258 6
555.24038 14
555.24634 17
555.25222 23
555.33261 3
555.33926 9
555.34528 13
555.35142 24
556.23264 6
556.24032 14
556.24627 17
556.25216 23
556.33261 3
556.33926 9
556.34534 13
556.35149 24
557.23270 6
557.24045 14
557.24640 17
557.25229 23
557.33267 3
557.33933 9
557.34541 13
557.35155 24
558.23270 6
558.24051 14
558.24646 17
558.25235 23
558.33274 3
558.33952 9
558.34554 13
558.35149 24
559.23277 6
559.24045 14
559.24640 17
559.25229 23
559.33286 3
559.33958 9
559.34560 13
559.35155 24
560.23283 6
560.24058 14
560.24653 17
560.25248 23
560.33280 3
560.33946 9
560.34554 13
560.35168 24
561.23290 6
561.24058 14
561.24653 17
561.25242 23
561.33286 3
561.33952 9
561.34560 13
561.35174 24
562.23296 6
562.24064 14
562.24659 17
562.25248 23
562.33293 3
562.33958 9
562.34566 13
562.35181 24
563.23296 6
563.24064 14
563.24659 17
563.25254 23
563.33299 3
563.33965 9
563.34573 13
563.35181 24
564.23302 6
564.24070 14
564.24666 17
564.25261 23
564.33306 3
564.33971 9
564.34573 13
564.35168 24
565.23309 6
565.24077 14
565.24672 17
565.25261 23
565.33312 3
565.33978 9
565.34573 13
565.35174 24
566.23315 6
566.24083 14
566.24678 17
566.25267 23
566.33312 3
566.33978 9
566.34586 13
566.35200 24
567.23322 6
567.24090 14
567.24685 17
567.25274 23
567.33318 3
567.33978 9
567.34579 13
567.35194 24
568.23322 6
568.24102 14
568.24698 17
568.25293 23
568.33325 3
568.33990 9
568.34598 13
568.35206 24
569.23334 6
569.24115 14
569.24704 17
569.25299 23
569.33331 3
569.33997 9
569.34598 13
569.35213 24
570.23334 6
570.24109 14
570.24704 17
570.25293 23
570.33338 3
570.34003 9
570.34611 13
570.35219 24
571.23341 6
571.24109 14
571.24704 17
571.25299 23
571.33338 3
571.34003 9
571.34605 13
571.35206 24
572.23347 6
572.24115 14
572.24710 17
572.25299 23
572.33344 3
572.34010 9
572.34611 13
572.35232 24
573.23347 6
573.24122 14
573.24717 17
573.25306 23
573.33350 3
573.34016 9
573.34624 13
573.35232 24
574.23360 6
574.24141 14
574.24736 17
574.25325 23
574.33350 3
574.34016 9
574.34624 13
574.35238 24
575.23366 6
575.24147 14
575.24742 17
575.25331 23
575.33357 3
575.34022 9
575.34630 13
575.35245 24
576.23373 6
576.24147 14
576.24742 17
576.25331 23
576.33363 3
576.34029 9
576.34637 13
576.35251 24
577.23379 6
577.24154 14
577.24749 17
577.25338 23
577.33370 3
577.34035 9
577.34643 13
577.35251 24
578.23373 6
578.24154 14
578.24749 17
578.25338 23
578.33376 3
578.34042 9
578.34650 13
578.35258 24
579.23379 6
579.24154 14
579.24749 17
579.25344 23
579.33376 3
579.34042 9
579.34650 13
579.35264 24
580.23386 6
580.24154 14
580.24742 17
580.25338 23
580.33382 3
580.34048 9
580.34656 13
580.35270 24
581.23392 6
581.24160 14
581.24755 17
581.25344 23
581.33389 3
581.34054 9
581.34662 13
581.35277 24
582.23392 6
582.24173 14
582.24768 17
582.25357 23
582.33395 3
582.34061 9
582.34669 13
582.35277 24
583.23398 6
583.24166 14
583.24762 17
583.25350 23
583.33402 3
583.34067 9
583.34669 13
583.35283 24
584.23405 6
584.24173 14
584.24768 17
584.25357 23
584.33408 3
584.34074 9
584.34675 13
584.35290 24
585.23411 6
585.24179 14
585.24774 17
585.25363 23
585.33408 3
585.34074 9
585.34675 13
585.35283 24
586.23418 6
586.24186 14
586.24774 17
586.25370 23
586.33414 3
586.34080 9
586.34682 13
586.35290 24
587.23418 6
587.24198 14
587.24794 17
587.25382 23
587.33421 3
587.34086 9
587.34688 13
587.35296 24
588.23424 6
588.24198 14
588.24794 17
588.25389 23
588.33421 3
588.34086 9
588.34688 13
588.35296 24
589.23430 6
589.24205 14
589.24800 17
589.25389 23
589.33427 3
589.34093 9
589.34694 13
589.35296 24
590.23437 6
590.24211 14
590.24806 17
590.25395 23
590.33434 3
590.34099 9
590.34701 13
590.35309 24
591.23437 6
591.24218 14
591.24813 17
591.25402 23
591.33440 3
591.34118 9
591.34720 13
591.35315 24
592.23443 6
592.24224 14
592.24819 17
592.25408 23
592.33453 3
592.34118 9
592.34720 13
592.35322 24
593.23450 6
593.24224 14
593.24819 17
593.25414 23
593.33453 3
593.34112 9
593.34714 13
593.35322 24
594.23456 6
594.24230 14
594.24826 17
594.25421 23
594.33453 3
594.34125 9
594.34720 13
594.35322 24
595.23462 6
595.24237 14
595.24832 17
595.25421 23
595.33459 3
595.34125 9
595.34726 13
595.35328 24
596.23462 6
596.24243 14
596.24838 17
596.25427 23
596.33466 3
596.34131 9
596.34733 13
596.35334 24
597.23469 6
597.24250 14
597.24845 17
597.25434 23
597.33472 3
597.34138 9
597.34739 13
597.35341 24
598.23475 6
598.24243 14
598.24838 17
598.25427 23
598.33472 3
598.34138 9
598.34739 13
598.35341 24
599.23482 6
599.24256 14
599.24851 17
599.25440 23
599.33478 3
599.34144 9
599.34746 13
599.35347 24
600.23488 6
600.24262 14
600.24858 17
600.25453 23
600.33485 3
600.34150 9
600.34752 13
600.35354 24
601.23488 6
601.24269 14
601.24864 17
601.25453 23
601.33491 3
601.34157 9
601.34758 13
601.35360 24
602.23507 6
602.24282 14
602.24877 17
602.25466 23
602.33498 3
602.34163 9
602.34765 13
602.35360 24
603.23501 6
603.24275 14
603.24870 17
603.25459 23
603.33498 3
603.34163 9
603.34765 13
603.35366 24
604.23507 6
604.24275 14
604.24870 17
604.25466 23
604.33504 3
604.34170 9
604.34771 13
604.35373 24
605.23514 6
605.24282 14
605.24877 17
605.25472 23
605.33510 3
605.34176 9
605.34778 13
605.35379 24
606.23514 6
606.24288 14
606.24883 17
606.25472 23
606.33517 3
606.34182 9
606.34784 13
606.35386 24
607.23526 6
607.24301 14
607.24896 17
607.25491 23
607.33517 3
607.34182 9
607.34784 13
607.35386 24
608.23533 6
608.24314 14
608.24909 17
608.25498 23
608.33523 3
608.34189 9
608.34790 13
608.35392 24
609.23539 6
609.24320 14
609.24915 17
609.25504 23
609.33530 3
609.34195 9
609.34797 13
609.35398 24
610.23546 6
610.24320 14
610.24915 17
610.25504 23
610.33536 3
610.34202 9
610.34803 13
610.35405 24
611.23539 6
611.24307 14
611.24902 17
611.25498 23
611.33542 3
611.34208 9
611.34822 13
611.35424 24
612.23546 6
612.24314 14
612.24909 17
612.25498 23
612.33549 3
612.34214 9
612.34816 13
612.35411 24
613.23552 6
613.24320 14
613.24915 17
613.25504 23
613.33549 3
613.34214 9
613.34816 13
613.35418 24
614.23558 6
614.24326 14
614.24922 17
614.25510 23
614.33555 3
614.34221 9
614.34835 13
614.35443 24
615.23558 6
615.24326 14
615.24922 17
615.25517 23
615.33562 3
615.34227 9
615.34835 13
615.35443 24
616.23565 6
616.24333 14
616.24928 17
616.25523 23
616.33568 3
616.34234 9
616.34842 13
616.35450 24
617.23571 6
617.24339 14
617.24934 17
617.25523 23
617.33568 3
617.34234 9
617.34842 13
617.35456 24
618.23578 6
618.24346 14
618.24941 17
618.25530 23
618.33574 3
618.34240 9
618.34842 13
618.35443 24
619.23584 6
619.24352 14
619.24947 17
619.25536 23
619.33581 3
619.34246 9
619.34848 13
619.35450 24
620.23584 6
620.24352 14
620.24947 17
620.25542 23
620.33587 3
620.34253 9
620.34861 13
620.35469 24
621.23590 6
621.24358 14
621.24954 17
621.25542 23
621.33594 3
621.34259 9
621.34867 13
621.35475 24
622.23597 6
622.24365 14
622.24960 17
622.25549 23
622.33594 3
622.34259 9
622.34867 13
622.35482 24
623.23603 6
623.24371 14
623.24966 17
623.25555 23
623.33600 3
623.34266 9
623.34874 13
623.35488 24
624.23610 6
624.24378 14
624.24973 17
624.25562 23
624.33606 3
624.34285 9
624.34886 13
624.35488 24
625.23610 6
625.24378 14
625.24973 17
625.25568 23
625.33619 3
625.34291 9
625.34893 13
625.35488 24
626.23616 6
626.24384 14
626.24979 17
626.25568 23
626.33619 3
626.34285 9
626.34893 13
626.35501 24
627.23622 6
627.24390 14
627.24986 17
627.25574 23
627.33619 3
627.34291 9
627.34886 13
627.35488 24
628.23629 6
628.24397 14
628.24992 17
628.25581 23
628.33626 3
628.34291 9
628.34899 13
628.35514 24
629.23629 6
629.24397 14
629.24992 17
629.25581 23
629.33632 3
629.34298 9
629.34906 13
629.35520 24
630.23635 6
630.24403 14
630.24998 17
630.25594 23
630.33638 3
630.34304 9
630.34906 13
630.35501 24
631.23642 6
631.24410 14
631.25005 17
631.25594 23
631.33645 3
631.34310 9
631.34906 13
631.35507 24
632.23648 6
632.24422 14
632.25018 17
632.25613 23
632.33651 3
632.34317 9
632.34925 13
632.35533 24
633.23654 6
633.24429 14
633.25024 17
633.25619 23
633.33651 3
633.34317 9
633.34918 13
633.35520 24
634.23654 6
634.24448 14
634.25043 17
634.25632 23
634.33658 3
634.34323 9
634.34931 13
634.35539 24
635.23667 6
635.24454 14
635.25050 17
635.25645 23
635.33664 3
635.34330 9
635.34938 13
635.35546 24
636.23680 6
636.24461 14
636.25056 17
636.25645 23
636.33670 3
636.34336 9
636.34944 13
636.35552 24
637.23680 6
637.24467 14
637.25062 17
637.25651 23
637.33670 3
637.34336 9
637.34938 13
637.35539 24
638.23686 6
638.24474 14
638.25069 17
638.25658 23
638.33677 3
638.34342 9
638.34950 13
638.35565 24
639.23693 6
639.24474 14
639.25069 17
639.25664 23
639.33683 3
639.34349 9
639.34950 13
639.35552 24
640.23693 6
640.24474 14
640.25069 17
640.25658 23
640.33690 3
640.34355 9
640.34963 13
640.35571 24
641.23693 6
641.24467 14
641.25062 17
641.25658 23
641.33696 3
641.34362 9
641.34970 13
641.35578 24
642.23706 6
642.24480 14
642.25075 17
642.25664 23
642.33696 3
642.34362 9
642.34970 13
642.35584 24
643.23712 6
643.24486 14
643.25082 17
643.25670 23
643.33702 3
643.34368 9
643.34976 13
643.35590 24
644.23706 6
644.24486 14
644.25082 17
644.25670 23
644.33709 3
644.34374 9
644.34982 13
644.35597 24
645.23712 6
645.24480 14
645.25075 17
645.25664 23
645.33715 3
645.34381 9
645.34976 13
645.35590 24
646.23718 6
646.24486 14
646.25082 17
646.25670 23
646.33722 3
646.34387 9
646.34995 13
646.35603 24
647.23725 6
647.24493 14
647.25088 17
647.25677 23
647.33722 3
647.34387 9
647.34995 13
647.35610 24
648.23731 6
648.24499 14
648.25094 17
648.25683 23
648.33728 3
648.34394 9
648.35002 13
648.35616 24
649.23731 6
649.24499 14
649.25094 17
649.25690 23
649.33734 3
649.34400 9
649.35008 13
649.35616 24
650.23738 6
650.24506 14
650.25101 17
650.25690 23
650.33741 3
650.34406 9
650.35014 13
650.35622 24
651.23744 6
651.24512 14
651.25107 17
651.25696 23
651.33741 3
651.34406 9
651.35014 13
651.35629 24
652.23750 6
652.24518 14
652.25114 17
652.25702 23
652.33747 3
652.34413 9
652.35021 13
652.35635 24
653.23750 6
653.24525 14
653.25120 17
653.25709 23
653.33754 3
653.34419 9
653.35027 13
653.35642 24
654.23757 6
654.24525 14
654.25120 17
654.25715 23
654.33760 3
654.34426 9
654.35034 13
654.35648 24
655.23763 6
655.24531 14
655.25126 17
655.25715 23
655.33766 3
655.34432 9
655.35040 13
655.35648 24
656.23770 6
656.24538 14
656.25133 17
656.25722 23
656.33766 3
656.34432 9
656.35046 13
656.35654 24
657.23942 6
657.24710 14
657.25306 17
657.25894 23
657.33939 3
657.34618 9
657.35219 13
657.35827 24
658.23942 6
658.24710 14
658.25306 17
658.25901 23
658.33958 3
658.34624 9
658.35226 13
658.35834 24
659.23949 6
659.24717 14
659.25312 17
659.25901 23
659.33952 3
659.34618 9
659.35232 13
659.35834 24
660.23955 6
660.24723 14
660.25318 17
660.25907 23
660.33958 3
660.34624 9
660.35238 13
660.35840 24
661.23962 6
661.24730 14
661.25325 17
661.25914 23
661.33958 3
661.34624 9
661.35245 13
661.35846 24
662.23968 6
662.24736 14
662.25331 17
662.25920 23
662.33965 3
662.34630 9
662.35245 13
662.35853 24
663.23968 6
663.24742 14
663.25331 17
663.25926 23
663.33971 3
663.34637 9
663.35251 13
663.35859 24
664.23974 6
664.24742 14
664.25338 17
664.25926 23
664.33978 3
664.34643 9
664.35258 13
664.35859 24
665.23981 6
665.24749 14
665.25344 17
665.25933 23
665.33984 3
665.34650 9
665.35264 13
665.35866 24
666.23987 6
666.24755 14
666.25350 17
666.25952 23
666.33984 3
666.34650 9
666.35264 13
666.35872 24
667.23994 6
667.24768 14
667.25363 17
667.25952 23
667.33990 3
667.34656 9
667.35270 13
667.35878 24
668.24006 6
668.24781 14
668.25376 17
668.25965 23
668.33997 3
668.34662 9
668.35277 13
668.35885 24
669.24000 6
669.24774 14
669.25370 17
669.25958 23
669.34003 3
669.34669 9
669.35283 13
669.35885 24
670.24006 6
670.24781 14
670.25376 17
670.25965 23
670.34003 3
670.34669 9
670.35290 13
670.35891 24
671.24013 6
671.24787 14
671.25382 17
671.25971 23
671.34010 3
671.34675 9
671.35290 13
671.35898 24
672.24019 6
672.24800 14
672.25389 17
672.25984 23
672.34016 3
672.34682 9
672.35290 13
672.35898 24
673.24019 6
673.24800 14
673.25395 17
673.25984 23
673.34022 3
673.34688 9
673.35290 13
673.35904 24
674.24026 6
674.24806 14
674.25402 17
674.25990 23
674.34029 3
674.34694 9
674.35290 13
674.35910 24
675.24032 6
675.24806 14
675.25402 17
675.25997 23
675.34029 3
675.34694 9
675.35296 13
675.35917 24
676.24038 6
676.24813 14
676.25408 17
676.25997 23
676.34035 3
676.34701 9
676.35302 13
676.35917 24
677.24045 6
677.24819 14
677.25414 17
677.26003 23
677.34042 3
677.34707 9
677.35309 13
677.35923 24
678.24045 6
678.24826 14
678.25421 17
678.26010 23
678.34048 3
678.34714 9
678.35315 13
678.35930 24
679.24051 6
679.24832 14
679.25427 17
679.26016 23
679.34054 3
679.34720 9
679.35322 13
679.35936 24
680.24058 6
680.24832 14
680.25427 17
680.26022 23
680.34054 3
680.34720 9
680.35341 13
680.35942 24
681.24064 6
681.24832 14
681.25421 17
681.26016 23
681.34061 3
681.34726 9
681.35347 13
681.35949 24
682.24070 6
682.24845 14
682.25440 17
682.26029 23
682.34067 3
682.34733 9
682.35334 13
682.35942 24
683.24070 6
683.24851 14
683.25446 17
683.26035 23
683.34074 3
683.34739 9
683.35354 13
683.35955 24
684.24077 6
684.24851 14
684.25446 17
684.26042 23
684.34080 3
684.34746 9
684.35347 13
684.35955 24
685.24083 6
685.24851 14
685.25446 17
685.26035 23
685.34080 3
685.34746 9
685.35347 13
685.35962 24
686.24090 6
686.24858 14
686.25453 17
686.26042 23
686.34086 3
686.34752 9
686.35373 13
686.35974 24
687.24090 6
687.24858 14
687.25453 17
687.26048 23
687.34093 3
687.34758 9
687.35379 13
687.35974 24
688.24096 6
688.24864 14
688.25459 17
688.26048 23
688.34099 3
688.34765 9
688.35366 13
688.35968 24
689.24102 6
689.24870 14
689.25466 17
689.26054 23
689.34106 3
689.34771 9
689.35366 13
689.35981 24
690.24109 6
690.24877 14
690.25472 17
690.26061 23
690.34106 3
690.34784 9
690.35386 13
690.35987 24
691.24115 6
691.24883 14
691.25478 17
691.26067 23
691.34125 3
691.34790 9
691.35392 13
691.36000 24
692.24115 6
692.24883 14
692.25478 17
692.26074 23
692.34118 3
692.34784 9
692.35386 13
692.35994 24
693.24122 6
693.24890 14
693.25485 17
693.26074 23
693.34125 3
693.34797 9
693.35405 13
693.36013 24
694.24134 6
694.24915 14
694.25517 17
694.26118 23
694.34131 3
694.34810 9
694.35424 13
694.36058 24
695.24141 6
695.24909 14
695.25510 17
695.26106 23
695.34138 3
695.34810 9
695.35424 13
695.36051 24
696.24141 6
696.24915 14
696.25517 17
696.26112 23
696.34144 3
696.34810 9
696.35424 13
696.36051 24
697.24147 6
697.24922 14
697.25517 17
697.26112 23
697.34144 3
697.34816 9
697.35430 13
697.36064 24
698.24154 6
698.24928 14
698.25523 17
698.26118 23
698.34150 3
698.34822 9
698.35437 13
698.36045 24
699.24160 6
699.24934 14
699.25530 17
699.26138 23
699.34157 3
699.34829 9
699.35443 13
699.36070 24
700.24160 6
700.24947 14
700.25549 17
700.26144 23
700.34163 3
700.34829 9
700.35443 13
700.36070 24
701.24179 6
701.24960 14
701.25555 17
701.26150 23
701.34170 3
701.34835 9
701.35450 13
701.36058 24
702.24173 6
702.24960 14
702.25555 17
702.26150 23
702.34170 3
702.34842 9
702.35456 13
702.36083 24
708.34208 3
709.24211 17
709.34208 3
709.34560 9
999999.00000 0
